30
1000000
999999937 999999929 999999893
999999883 999999797
1000000
999999937 999999929 999999893
999999883 999999797
1000000
999999937 999999929 999999893
999999883 999999797
1000000
999999937 999999929 999999893
999999883 999999797
1000000
999999937 999999929 999999893
999999883 999999797
1000000
999999937 999999929 999999893
999999883 999999797
1000000
999999937 999999929 999999893
999999883 999999797
1000000
999999937 999999929 999999893
999999883 999999797
1000000
999999937 999999929 999999893
999999883 999999797
1000000
999999937 999999929 999999893
999999883 999999797
1000000
999999937 999999929 999999893
999999883 999999797
1000000
999999937 999999929 999999893
999999883 999999797
1000000
999999937 999999929 999999893
999999883 999999797
1000000
999999937 999999929 999999893
999999883 999999797
1000000
999999937 999999929 999999893
999999883 999999797
1000000
999999937 999999929 999999893
999999883 999999797
1000000
999999937 999999929 999999893
999999883 999999797
1000000
999999937 999999929 999999893
999999883 999999797
1000000
999999937 999999929 999999893
999999883 999999797
1000000
999999937 999999929 999999893
999999883 999999797
1000000
999999937 999999929 999999893
999999883 999999797
1000000
999999937 999999929 999999893
999999883 999999797
1000000
999999937 999999929 999999893
999999883 999999797
1000000
999999937 999999929 999999893
999999883 999999797
1000000
999999937 999999929 999999893
999999883 999999797
1000000
999999937 999999929 999999893
999999883 999999797
1000000
999999937 999999929 999999893
999999883 999999797
1000000
999999937 999999929 999999893
999999883 999999797
1000000
999999937 999999929 999999893
999999883 999999797
1000000
999999937 999999929 999999893
999999883 999999797
